Produzione FV totale giornaliera: 211.3772 kWh
Domanda totale giornaliera CER: 43.64 kWh
SOC iniziale: 4.75 kWh

Result - Optimal solution found

Objective value:                -20.56801923
Enumerated nodes:               0
Total iterations:               0
Time (CPU seconds):             0.03
Time (Wallclock seconds):       0.03

Option for printingOptions changed from normal to all
Total time (CPU seconds):       0.04   (Wallclock seconds):       0.04


=========================
RISULTATI OTTIMIZZAZIONE
=========================
Stato: Optimal
Costo netto ottimale: -20.568 euro


Ora |  Domanda |       FV |  Acquisto | Immissione |   Carica |  Scarica |      SOC |   y |   z
----------------------------------------------------------------------------------------------------
  0 |    1.690 |    0.000 |     0.000 |      1.070 |    0.000 |    2.760 |    1.875 |   0 |   0
  1 |    1.410 |    0.000 |     0.522 |      0.000 |    0.000 |    0.888 |    0.950 |   0 |   1
  2 |    1.260 |    0.000 |     1.260 |      0.000 |    0.000 |    0.000 |    0.950 |   0 |   1
  3 |    1.190 |    0.000 |     3.587 |      0.000 |    2.397 |    0.000 |    3.251 |   1 |   1
  4 |    1.160 |    0.038 |     3.882 |      0.000 |    2.760 |    0.000 |    5.900 |   1 |   1
  5 |    1.190 |    2.486 |     1.464 |      0.000 |    2.760 |    0.000 |    8.550 |   1 |   1
  6 |    1.340 |    7.565 |     0.000 |      6.225 |    0.000 |    0.000 |    8.550 |   0 |   0
  7 |    1.600 |   14.103 |     0.000 |     12.503 |    0.000 |    0.000 |    8.550 |   0 |   0
  8 |    1.670 |   20.264 |     0.000 |     21.354 |    0.000 |    2.760 |    5.675 |   0 |   0
  9 |    1.650 |   24.387 |     0.000 |     25.497 |    0.000 |    2.760 |    2.800 |   0 |   0
 10 |    1.650 |   26.446 |     0.000 |     24.796 |    0.000 |    0.000 |    2.800 |   0 |   0
 11 |    1.720 |   22.640 |     0.000 |     20.920 |    0.000 |    0.000 |    2.800 |   0 |   0
 12 |    1.880 |   27.647 |     0.000 |     25.298 |    0.470 |    0.000 |    3.251 |   1 |   0
 13 |    1.980 |   16.713 |     0.000 |     11.973 |    2.760 |    0.000 |    5.900 |   1 |   0
 14 |    1.980 |   20.880 |     0.000 |     16.140 |    2.760 |    0.000 |    8.550 |   1 |   0
 15 |    1.900 |   15.504 |     0.000 |     13.604 |    0.000 |    0.000 |    8.550 |   0 |   0
 16 |    1.840 |    8.898 |     0.000 |      7.058 |    0.000 |    0.000 |    8.550 |   0 |   0
 17 |    1.880 |    3.006 |     0.000 |      1.126 |    0.000 |    0.000 |    8.550 |   0 |   0
 18 |    2.070 |    0.800 |     1.270 |      0.000 |    0.000 |    0.000 |    8.550 |   0 |   1
 19 |    2.530 |    0.000 |     2.530 |      0.000 |    0.000 |    0.000 |    8.550 |   0 |   1
 20 |    2.720 |    0.000 |     0.000 |      0.000 |    0.000 |    2.720 |    5.717 |   0 |   1
 21 |    2.740 |    0.000 |     0.000 |      0.020 |    0.000 |    2.760 |    2.842 |   0 |   0
 22 |    2.500 |    0.000 |     2.500 |      0.000 |    0.000 |    0.000 |    2.842 |   0 |   1
 23 |    2.090 |    0.000 |     4.078 |      0.000 |    1.988 |    0.000 |    4.750 |   1 |   1

TOTALI GIORNALIERI
------------------
Energia acquistata: 21.092 kWh
Energia immessa: 187.583 kWh
Energia caricata: 15.894 kWh
Energia scaricata: 14.648 kWh
PS C:\Users\messe\AppData\Local\Programs\Microsoft VS Code> 
