Produzione FV totale giornaliera: 264.2215 kWh
Domanda totale giornaliera CER: 87.28 kWh
SOC iniziale: 4.75 kWh

Result - Optimal solution found

Objective value:                -21.22377394
Enumerated nodes:               0
Total iterations:               0
Time (CPU seconds):             0.06
Time (Wallclock seconds):       0.06

Option for printingOptions changed from normal to all
Total time (CPU seconds):       0.08   (Wallclock seconds):       0.08


=========================
RISULTATI OTTIMIZZAZIONE
=========================
Stato: Optimal
Costo netto ottimale: -21.2238 euro


Ora |  Domanda |       FV |  Acquisto | Immissione |   Carica |  Scarica |      SOC |   y |   z
----------------------------------------------------------------------------------------------------
  0 |    3.380 |    0.000 |     0.620 |      0.000 |    0.000 |    2.760 |    1.875 |   0 |   1
  1 |    2.820 |    0.000 |     1.932 |      0.000 |    0.000 |    0.888 |    0.950 |   0 |   1
  2 |    2.520 |    0.000 |     2.520 |      0.000 |    0.000 |    0.000 |    0.950 |   0 |   1
  3 |    2.380 |    0.000 |     4.777 |      0.000 |    2.397 |    0.000 |    3.251 |   1 |   1
  4 |    2.320 |    0.048 |     5.032 |      0.000 |    2.760 |    0.000 |    5.900 |   1 |   1
  5 |    2.380 |    3.108 |     2.033 |      0.000 |    2.760 |    0.000 |    8.550 |   1 |   1
  6 |    2.680 |    9.457 |     0.000 |      6.777 |    0.000 |    0.000 |    8.550 |   0 |   0
  7 |    3.200 |   17.629 |     0.000 |     14.429 |    0.000 |    0.000 |    8.550 |   0 |   0
  8 |    3.340 |   25.330 |     0.000 |     24.750 |    0.000 |    2.760 |    5.675 |   0 |   0
  9 |    3.300 |   30.483 |     0.000 |     29.944 |    0.000 |    2.760 |    2.800 |   0 |   0
 10 |    3.300 |   33.057 |     0.000 |     29.757 |    0.000 |    0.000 |    2.800 |   0 |   0
 11 |    3.440 |   28.300 |     0.000 |     24.860 |    0.000 |    0.000 |    2.800 |   0 |   0
 12 |    3.760 |   34.559 |     0.000 |     30.329 |    0.470 |    0.000 |    3.251 |   1 |   0
 13 |    3.960 |   20.891 |     0.000 |     14.171 |    2.760 |    0.000 |    5.900 |   1 |   0
 14 |    3.960 |   26.100 |     0.000 |     19.380 |    2.760 |    0.000 |    8.550 |   1 |   0
 15 |    3.800 |   19.381 |     0.000 |     15.581 |    0.000 |    0.000 |    8.550 |   0 |   0
 16 |    3.680 |   11.122 |     0.000 |      7.442 |    0.000 |    0.000 |    8.550 |   0 |   0
 17 |    3.760 |    3.757 |     0.003 |      0.000 |    0.000 |    0.000 |    8.550 |   0 |   1
 18 |    4.140 |    1.000 |     3.140 |      0.000 |    0.000 |    0.000 |    8.550 |   0 |   1
 19 |    5.060 |    0.000 |     5.060 |      0.000 |    0.000 |    0.000 |    8.550 |   0 |   1
 20 |    5.440 |    0.000 |     2.680 |      0.000 |    0.000 |    2.760 |    5.675 |   0 |   1
 21 |    5.480 |    0.000 |     2.720 |      0.000 |    0.000 |    2.760 |    2.800 |   0 |   1
 22 |    5.000 |    0.000 |     5.000 |      0.000 |    0.000 |    0.000 |    2.800 |   0 |   1
 23 |    4.180 |    0.000 |     6.211 |      0.000 |    2.031 |    0.000 |    4.750 |   1 |   1

TOTALI GIORNALIERI
------------------
Energia acquistata: 41.727 kWh
Energia immessa: 217.419 kWh
Energia caricata: 15.938 kWh
Energia scaricata: 14.688 kWh
